5.474806318400008604e+04 1.000332999999999917e+00 7.420000000000000380e-04
5.474806365199992433e+04 9.998850000000000238e-01 7.420000000000000380e-04
5.474806412799982354e+04 9.996829999999999883e-01 7.420000000000000380e-04
5.474806460200017318e+04 9.998050000000000548e-01 7.399999999999999894e-04
5.474806507800007239e+04 9.995420000000000416e-01 7.420000000000000380e-04
5.474806555100018159e+04 9.999019999999999575e-01 7.399999999999999894e-04
5.474806602599984035e+04 1.000032000000000032e+00 7.420000000000000380e-04
5.474806650000018999e+04 1.000248999999999944e+00 7.399999999999999894e-04
5.474806697499984875e+04 9.996990000000000043e-01 7.399999999999999894e-04
5.474806744900019839e+04 1.001200000000000090e+00 7.399999999999999894e-04
5.474806792399985716e+04 9.999940000000000495e-01 7.399999999999999894e-04
5.474806839800020680e+04 1.000304000000000082e+00 7.380000000000000492e-04
5.474806887299986556e+04 9.999860000000000415e-01 7.380000000000000492e-04
5.474806934700021520e+04 9.996209999999999818e-01 7.380000000000000492e-04
5.474806982199987397e+04 1.000275000000000025e+00 7.380000000000000492e-04
5.474807029600022361e+04 9.994469999999999743e-01 7.380000000000000492e-04
5.474807077099988237e+04 9.994979999999999976e-01 7.380000000000000492e-04
5.474807124500023201e+04 1.000436000000000103e+00 7.380000000000000492e-04
5.474807171999989077e+04 1.000356999999999941e+00 7.360000000000000006e-04
5.474807219399977475e+04 1.000235999999999903e+00 7.360000000000000006e-04
5.474807266899989918e+04 9.998740000000000405e-01 7.360000000000000006e-04
5.474807314299978316e+04 9.991989999999999483e-01 7.360000000000000006e-04
5.474807361799990758e+04 9.997019999999999795e-01 7.360000000000000006e-04
5.474807409199979156e+04 9.994410000000000238e-01 7.339999999999999520e-04
5.474807456699991599e+04 9.996950000000000003e-01 7.339999999999999520e-04
5.474807504099979997e+04 9.998099999999999765e-01 7.339999999999999520e-04
5.474807551599992439e+04 9.992830000000000323e-01 7.339999999999999520e-04
5.474807598999980837e+04 1.000483000000000011e+00 7.339999999999999520e-04
5.474807646499993280e+04 1.000447000000000086e+00 7.339999999999999520e-04
5.474807693899981678e+04 1.000545000000000018e+00 7.339999999999999520e-04
5.474807741399994120e+04 1.000378999999999907e+00 7.339999999999999520e-04
5.474807788799982518e+04 9.991449999999999498e-01 7.339999999999999520e-04
5.474807836299994960e+04 9.996549999999999603e-01 7.339999999999999520e-04
5.474807883800007403e+04 9.994330000000000158e-01 7.339999999999999520e-04
5.474807978700008243e+04 9.994619999999999616e-01 7.339999999999999520e-04
5.474808026099996641e+04 9.989200000000000301e-01 7.339999999999999520e-04
5.474808073600009084e+04 9.987620000000000386e-01 7.339999999999999520e-04
5.474808120999997482e+04 1.000002999999999975e+00 7.320000000000000118e-04
5.474808168500009924e+04 9.994800000000000351e-01 7.320000000000000118e-04
5.474808215899998322e+04 1.000296999999999992e+00 7.320000000000000118e-04
5.474808263400010765e+04 1.000240999999999936e+00 7.320000000000000118e-04
5.474808310799999163e+04 1.000706000000000095e+00 7.320000000000000118e-04
5.474808358300011605e+04 9.997099999999999875e-01 7.320000000000000118e-04
5.474808405700000003e+04 1.000239000000000100e+00 7.320000000000000118e-04
5.474808453200012445e+04 9.997369999999999868e-01 7.320000000000000118e-04
5.474808500600000843e+04 1.000791999999999904e+00 7.320000000000000118e-04
5.474808548100013286e+04 1.000015000000000098e+00 7.320000000000000118e-04
5.474808595500001684e+04 9.998430000000000373e-01 7.309999999999999875e-04
5.474808643000014126e+04 1.000984000000000096e+00 7.309999999999999875e-04
5.474808697000006214e+04 9.996310000000000473e-01 7.309999999999999875e-04
5.474808743599988520e+04 9.999820000000000375e-01 7.309999999999999875e-04
5.474808791100000963e+04 1.000070000000000014e+00 7.309999999999999875e-04
5.474808838600013405e+04 9.993469999999999853e-01 7.309999999999999875e-04
5.474808886000001803e+04 9.996720000000000050e-01 7.309999999999999875e-04
5.474808933500014246e+04 9.999240000000000350e-01 7.309999999999999875e-04
5.474808980900002643e+04 9.990970000000000129e-01 7.309999999999999875e-04
5.474809028400015086e+04 9.993809999999999638e-01 7.309999999999999875e-04
5.474809075899980962e+04 1.000102999999999964e+00 7.309999999999999875e-04
5.474809123300015926e+04 1.000026000000000082e+00 7.309999999999999875e-04
5.474809170700004324e+04 9.990949999999999553e-01 7.309999999999999875e-04
5.474809218200016767e+04 1.000011999999999901e+00 7.309999999999999875e-04
5.474809265600005165e+04 1.000259000000000009e+00 7.309999999999999875e-04
5.474809313100017607e+04 9.997810000000000308e-01 7.309999999999999875e-04
5.474809360500006005e+04 1.000151000000000012e+00 7.290000000000000473e-04
5.474809408000018448e+04 1.000469999999999970e+00 7.290000000000000473e-04
5.474809455400006846e+04 1.001004000000000005e+00 7.290000000000000473e-04
5.474809502900019288e+04 9.998169999999999558e-01 7.290000000000000473e-04
5.474809549999982119e+04 1.000364999999999949e+00 7.290000000000000473e-04
5.474809596600010991e+04 1.000413999999999914e+00 7.290000000000000473e-04
5.474809644099976867e+04 1.000707000000000013e+00 7.290000000000000473e-04
5.474809691500011832e+04 1.000218999999999969e+00 7.290000000000000473e-04
5.474809738999977708e+04 1.000086999999999948e+00 7.290000000000000473e-04
5.474809786400012672e+04 9.999540000000000095e-01 7.290000000000000473e-04
5.474809834099980071e+04 9.998860000000000525e-01 7.290000000000000473e-04
5.474809881599992514e+04 1.000308999999999893e+00 7.290000000000000473e-04
5.474809928799979389e+04 1.000261999999999984e+00 7.290000000000000473e-04
5.474809976200014353e+04 1.000448999999999922e+00 7.290000000000000473e-04
5.474810023699980229e+04 9.998629999999999463e-01 7.290000000000000473e-04
5.474810071100015193e+04 1.000444000000000111e+00 7.290000000000000473e-04
5.474810118599981070e+04 9.998730000000000118e-01 7.290000000000000473e-04
5.474810166000016034e+04 9.996800000000000130e-01 7.290000000000000473e-04
5.474810213499981910e+04 1.000073999999999907e+00 7.290000000000000473e-04
5.474810260900016874e+04 1.000347000000000097e+00 7.290000000000000473e-04
5.474810308399982750e+04 9.994629999999999903e-01 7.290000000000000473e-04
5.474810355800017715e+04 1.000733000000000095e+00 7.290000000000000473e-04
5.474810403299983591e+04 1.000294999999999934e+00 7.290000000000000473e-04
5.474810450700018555e+04 1.000288999999999984e+00 7.290000000000000473e-04
5.474810498199984431e+04 9.998909999999999743e-01 7.290000000000000473e-04
5.474810545600019395e+04 1.000852999999999993e+00 7.290000000000000473e-04
5.474810593499988317e+04 1.000720000000000054e+00 7.290000000000000473e-04
5.474810640500020236e+04 9.991529999999999578e-01 7.290000000000000473e-04
5.474810687999986112e+04 9.998799999999999910e-01 7.290000000000000473e-04
5.474810735400021076e+04 9.986260000000000137e-01 7.290000000000000473e-04
5.474810782899986953e+04 9.976660000000000528e-01 7.290000000000000473e-04
5.474810830300021917e+04 9.974349999999999605e-01 7.290000000000000473e-04
5.474810877799987793e+04 9.963980000000000059e-01 7.290000000000000473e-04
5.474810925300000235e+04 9.956319999999999615e-01 7.290000000000000473e-04
5.474810972699988633e+04 9.946190000000000309e-01 7.290000000000000473e-04
5.474811020200001076e+04 9.945580000000000531e-01 7.290000000000000473e-04
5.474811067599989474e+04 9.929799999999999738e-01 7.290000000000000473e-04
5.474811115100001916e+04 9.915479999999999849e-01 7.309999999999999875e-04
5.474811162499990314e+04 9.905730000000000368e-01 7.290000000000000473e-04
5.474811210000002757e+04 9.890390000000000015e-01 7.309999999999999875e-04
5.474811257399991155e+04 9.890360000000000262e-01 7.309999999999999875e-04
5.474811304900003597e+04 9.879750000000000476e-01 7.309999999999999875e-04
5.474811352299991995e+04 9.859890000000000043e-01 7.290000000000000473e-04
5.474811399800004438e+04 9.849809999999999954e-01 7.309999999999999875e-04
5.474811447199992836e+04 9.838280000000000358e-01 7.309999999999999875e-04
5.474811494700005278e+04 9.827209999999999557e-01 7.309999999999999875e-04
5.474811589600006118e+04 9.808740000000000236e-01 7.309999999999999875e-04
5.474811636999994516e+04 9.796169999999999600e-01 7.309999999999999875e-04
5.474811684500006959e+04 9.789849999999999941e-01 7.309999999999999875e-04
5.474811731899995357e+04 9.790769999999999751e-01 7.309999999999999875e-04
5.474811779400007799e+04 9.780029999999999557e-01 7.309999999999999875e-04
5.474811826799996197e+04 9.776820000000000510e-01 7.309999999999999875e-04
5.474811874599987641e+04 9.772539999999999560e-01 7.309999999999999875e-04
5.474811921699997038e+04 9.773389999999999578e-01 7.309999999999999875e-04
5.474811969200009480e+04 9.770699999999999941e-01 7.309999999999999875e-04
5.474812016599997878e+04 9.768740000000000201e-01 7.309999999999999875e-04
5.474812064100010321e+04 9.771170000000000133e-01 7.309999999999999875e-04
5.474812111499998719e+04 9.768440000000000456e-01 7.309999999999999875e-04
5.474812159000011161e+04 9.762070000000000469e-01 7.309999999999999875e-04
5.474812206399999559e+04 9.761100000000000332e-01 7.309999999999999875e-04
5.474812253900012001e+04 9.759640000000000537e-01 7.309999999999999875e-04
5.474812301300000399e+04 9.763410000000000144e-01 7.309999999999999875e-04
5.474812348800012842e+04 9.759250000000000425e-01 7.309999999999999875e-04
5.474812396200001240e+04 9.753509999999999680e-01 7.309999999999999875e-04
5.474812443700013682e+04 9.758050000000000335e-01 7.320000000000000118e-04
5.474812491100002080e+04 9.753429999999999600e-01 7.320000000000000118e-04
5.474812538600014523e+04 9.743420000000000414e-01 7.309999999999999875e-04
5.474812586000002921e+04 9.755690000000000195e-01 7.320000000000000118e-04
5.474812633500015363e+04 9.752849999999999575e-01 7.309999999999999875e-04
5.474812680999981239e+04 9.756249999999999645e-01 7.309999999999999875e-04
5.474812728400016204e+04 9.753730000000000455e-01 7.320000000000000118e-04
5.474812775800004601e+04 9.742720000000000269e-01 7.320000000000000118e-04
5.474812823300017044e+04 9.749449999999999505e-01 7.320000000000000118e-04
5.474812870799982920e+04 9.740339999999999554e-01 7.320000000000000118e-04
5.474812918200017884e+04 9.749309999999999921e-01 7.309999999999999875e-04
5.474812965699983761e+04 9.744429999999999481e-01 7.309999999999999875e-04
5.474813013100018725e+04 9.747970000000000246e-01 7.320000000000000118e-04
5.474813060599984601e+04 9.741060000000000274e-01 7.320000000000000118e-04
5.474813108000019565e+04 9.737369999999999637e-01 7.309999999999999875e-04
5.474813155499985442e+04 9.742199999999999749e-01 7.320000000000000118e-04
5.474813202900020406e+04 9.737860000000000404e-01 7.320000000000000118e-04
5.474813250300008804e+04 9.734260000000000135e-01 7.309999999999999875e-04
5.474813297800021246e+04 9.734639999999999960e-01 7.320000000000000118e-04
5.474813345299987122e+04 9.734279999999999600e-01 7.320000000000000118e-04
5.474813392700022087e+04 9.736029999999999962e-01 7.320000000000000118e-04
5.474813440199987963e+04 9.729010000000000158e-01 7.320000000000000118e-04
5.474813487600022927e+04 9.741290000000000227e-01 7.320000000000000118e-04
5.474813535099988803e+04 9.735300000000000065e-01 7.320000000000000118e-04
5.474813582499977201e+04 9.730889999999999818e-01 7.320000000000000118e-04
5.474813630199991167e+04 9.731980000000000075e-01 7.320000000000000118e-04
5.474813677700003609e+04 9.732389999999999652e-01 7.320000000000000118e-04
5.474813724899990484e+04 9.725099999999999856e-01 7.320000000000000118e-04
5.474813772400002927e+04 9.735780000000000545e-01 7.320000000000000118e-04
5.474813819799991325e+04 9.731750000000000123e-01 7.320000000000000118e-04
5.474813867599982768e+04 9.730609999999999538e-01 7.320000000000000118e-04
5.474813915000017732e+04 9.736409999999999787e-01 7.320000000000000118e-04
5.474813962099980563e+04 9.731260000000000465e-01 7.320000000000000118e-04
5.474814009599993005e+04 9.740750000000000242e-01 7.320000000000000118e-04
5.474814056999981403e+04 9.737679999999999669e-01 7.320000000000000118e-04
5.474814104499993846e+04 9.724460000000000326e-01 7.339999999999999520e-04
5.474814152000006288e+04 9.735070000000000112e-01 7.339999999999999520e-04
5.474814199399994686e+04 9.731070000000000553e-01 7.320000000000000118e-04
5.474814246799983084e+04 9.723270000000000524e-01 7.339999999999999520e-04
5.474814294299995527e+04 9.723249999999999948e-01 7.320000000000000118e-04
5.474814341699983925e+04 9.722560000000000091e-01 7.339999999999999520e-04
5.474814389199996367e+04 9.726930000000000298e-01 7.320000000000000118e-04
5.474814436599984765e+04 9.722140000000000226e-01 7.339999999999999520e-04
5.474814484099997208e+04 9.721619999999999706e-01 7.339999999999999520e-04
5.474814531499985605e+04 9.722380000000000466e-01 7.339999999999999520e-04
5.474814578999998048e+04 9.724469999999999503e-01 7.320000000000000118e-04
5.474814626399986446e+04 9.724899999999999656e-01 7.339999999999999520e-04
5.474814673899998888e+04 9.724869999999999903e-01 7.339999999999999520e-04
5.474814721299987286e+04 9.720290000000000319e-01 7.339999999999999520e-04
5.474814768799999729e+04 9.723840000000000261e-01 7.339999999999999520e-04
5.474814816199988127e+04 9.727219999999999756e-01 7.339999999999999520e-04
5.474814863700000569e+04 9.724669999999999703e-01 7.339999999999999520e-04
5.474814911200013012e+04 9.723089999999999788e-01 7.339999999999999520e-04
5.474814958600001410e+04 9.715890000000000359e-01 7.360000000000000006e-04
5.474815006100013852e+04 9.729050000000000198e-01 7.339999999999999520e-04
5.474815053500002250e+04 9.718390000000000084e-01 7.339999999999999520e-04
5.474815101000014693e+04 9.713140000000000107e-01 7.339999999999999520e-04
5.474815148400003091e+04 9.724159999999999471e-01 7.339999999999999520e-04
5.474815195900015533e+04 9.723370000000000068e-01 7.339999999999999520e-04
5.474815243300003931e+04 9.725439999999999641e-01 7.339999999999999520e-04
5.474815290800016373e+04 9.729619999999999935e-01 7.339999999999999520e-04
5.474815338200004771e+04 9.725780000000000536e-01 7.339999999999999520e-04
5.474815385700017214e+04 9.731600000000000250e-01 7.339999999999999520e-04
5.474815433100005612e+04 9.727879999999999860e-01 7.339999999999999520e-04
5.474815480600018054e+04 9.730959999999999610e-01 7.339999999999999520e-04
5.474815528000006452e+04 9.729689999999999728e-01 7.339999999999999520e-04
5.474815575500018895e+04 9.721440000000000081e-01 7.339999999999999520e-04
5.474815622900007293e+04 9.734530000000000127e-01 7.339999999999999520e-04
5.474815670400019735e+04 9.730640000000000400e-01 7.339999999999999520e-04
5.474815717800008133e+04 9.725589999999999513e-01 7.339999999999999520e-04
5.474815765300020576e+04 9.734289999999999887e-01 7.360000000000000006e-04
5.474815813700016588e+04 9.737580000000000124e-01 7.360000000000000006e-04
5.474815861300006509e+04 9.734680000000000000e-01 7.360000000000000006e-04
5.474815908800018951e+04 9.732009999999999827e-01 7.360000000000000006e-04
5.474815956200007349e+04 9.725639999999999841e-01 7.360000000000000006e-04
5.474816003700019792e+04 9.734680000000000000e-01 7.360000000000000006e-04
5.474816051100008190e+04 9.735439999999999650e-01 7.360000000000000006e-04
5.474816098600020632e+04 9.739849999999999897e-01 7.360000000000000006e-04
5.474816146200010553e+04 9.732709999999999972e-01 7.360000000000000006e-04
5.474816193500021473e+04 9.732480000000000020e-01 7.360000000000000006e-04
5.474816240999987349e+04 9.725679999999999881e-01 7.360000000000000006e-04
5.474816288400022313e+04 9.724749999999999783e-01 7.360000000000000006e-04
5.474816335800010711e+04 9.732520000000000060e-01 7.360000000000000006e-04
5.474816383300023153e+04 9.730109999999999593e-01 7.380000000000000492e-04
5.474816430700011551e+04 9.726989999999999803e-01 7.380000000000000492e-04
5.474816478199977428e+04 9.735930000000000417e-01 7.380000000000000492e-04
5.474816525600012392e+04 9.730309999999999793e-01 7.380000000000000492e-04
5.474816573099978268e+04 9.731950000000000323e-01 7.380000000000000492e-04
5.474816620500013232e+04 9.726660000000000306e-01 7.380000000000000492e-04
5.474816667999979109e+04 9.730370000000000408e-01 7.380000000000000492e-04
5.474816715499991551e+04 9.732180000000000275e-01 7.380000000000000492e-04
5.474816762899979949e+04 9.739499999999999824e-01 7.380000000000000492e-04
5.474816810399992391e+04 9.732469999999999732e-01 7.380000000000000492e-04
5.474816857799980789e+04 9.734260000000000135e-01 7.380000000000000492e-04
5.474816905299993232e+04 9.730680000000000440e-01 7.380000000000000492e-04
5.474816952699981630e+04 9.731579999999999675e-01 7.399999999999999894e-04
5.474817000100016594e+04 9.738250000000000517e-01 7.380000000000000492e-04
5.474817047599982470e+04 9.738590000000000302e-01 7.380000000000000492e-04
5.474817095000017434e+04 9.737029999999999852e-01 7.380000000000000492e-04
5.474817142499983311e+04 9.738400000000000389e-01 7.380000000000000492e-04
5.474817189900018275e+04 9.742129999999999956e-01 7.380000000000000492e-04
5.474817237399984151e+04 9.741720000000000379e-01 7.380000000000000492e-04
5.474817284899996594e+04 9.747540000000000093e-01 7.399999999999999894e-04
5.474817332299984992e+04 9.736660000000000315e-01 7.399999999999999894e-04
5.474817379799997434e+04 9.739090000000000247e-01 7.380000000000000492e-04
5.474817427199985832e+04 9.745530000000000026e-01 7.380000000000000492e-04
5.474817474699998274e+04 9.744099999999999984e-01 7.399999999999999894e-04
5.474817522099986672e+04 9.753169999999999895e-01 7.380000000000000492e-04
5.474817569599999115e+04 9.745789999999999731e-01 7.399999999999999894e-04
5.474817616999987513e+04 9.744610000000000216e-01 7.399999999999999894e-04
5.474817664499999955e+04 9.754869999999999930e-01 7.399999999999999894e-04
5.474817711899988353e+04 9.755970000000000475e-01 7.399999999999999894e-04
5.474817759400000796e+04 9.753030000000000310e-01 7.399999999999999894e-04
5.474817806799989194e+04 9.754180000000000073e-01 7.399999999999999894e-04
5.474817854300001636e+04 9.760219999999999452e-01 7.399999999999999894e-04
5.474817901699990034e+04 9.754789999999999850e-01 7.399999999999999894e-04
5.474817949200002477e+04 9.754770000000000385e-01 7.399999999999999894e-04
5.474817996599990875e+04 9.760029999999999539e-01 7.420000000000000380e-04
5.474818044100003317e+04 9.766920000000000046e-01 7.420000000000000380e-04
5.474818091499991715e+04 9.764810000000000434e-01 7.420000000000000380e-04
5.474818139000004157e+04 9.772269999999999568e-01 7.429999999999999539e-04
5.474818186399992555e+04 9.768109999999999848e-01 7.420000000000000380e-04
5.474818233900004998e+04 9.765439999999999676e-01 7.420000000000000380e-04
5.474818281299993396e+04 9.782300000000000439e-01 7.429999999999999539e-04
5.474818328800005838e+04 9.784680000000000044e-01 7.429999999999999539e-04
5.474818376199994236e+04 9.790339999999999598e-01 7.429999999999999539e-04
5.474818423700006679e+04 9.803439999999999932e-01 7.429999999999999539e-04
5.474818471099995077e+04 9.806679999999999842e-01 7.429999999999999539e-04
5.474818518600007519e+04 9.817259999999999875e-01 7.429999999999999539e-04
5.474818565999995917e+04 9.824190000000000422e-01 7.429999999999999539e-04
5.474818613500008360e+04 9.830919999999999659e-01 7.450000000000000025e-04
5.474818660899996758e+04 9.839299999999999713e-01 7.429999999999999539e-04
5.474818708400009200e+04 9.851839999999999486e-01 7.450000000000000025e-04
5.474818755900021642e+04 9.872649999999999482e-01 7.429999999999999539e-04
5.474818803300010040e+04 9.879390000000000116e-01 7.429999999999999539e-04
5.474818850800022483e+04 9.894950000000000134e-01 7.429999999999999539e-04
5.474818898200010881e+04 9.893140000000000267e-01 7.429999999999999539e-04
5.474818945699976757e+04 9.909449999999999648e-01 7.429999999999999539e-04
5.474818993100011721e+04 9.929289999999999505e-01 7.429999999999999539e-04
5.474819040599977598e+04 9.930480000000000418e-01 7.429999999999999539e-04
5.474819088000012562e+04 9.929700000000000193e-01 7.429999999999999539e-04
5.474819135499978438e+04 9.955549999999999677e-01 7.429999999999999539e-04
5.474819182900013402e+04 9.957620000000000360e-01 7.429999999999999539e-04
5.474819230399979278e+04 9.964699999999999669e-01 7.429999999999999539e-04
5.474819277800014243e+04 9.968310000000000226e-01 7.429999999999999539e-04
5.474819325299980119e+04 9.977409999999999890e-01 7.429999999999999539e-04
5.474819372700015083e+04 9.982440000000000202e-01 7.429999999999999539e-04
5.474819420199980959e+04 9.993849999999999678e-01 7.429999999999999539e-04
5.474819467600015923e+04 9.997979999999999645e-01 7.450000000000000025e-04
5.474819515099981800e+04 9.992339999999999556e-01 7.450000000000000025e-04
5.474819562500016764e+04 1.000218999999999969e+00 7.450000000000000025e-04
5.474819609999982640e+04 1.000820000000000043e+00 7.450000000000000025e-04
5.474819657400017604e+04 9.990940000000000376e-01 7.450000000000000025e-04
5.474819704899983481e+04 9.998340000000000005e-01 7.450000000000000025e-04
5.474819752300018445e+04 9.987289999999999779e-01 7.470000000000000511e-04
5.474819799799984321e+04 1.000505999999999895e+00 7.470000000000000511e-04
5.474819847200019285e+04 1.000474000000000085e+00 7.489999999999999913e-04
5.474819894699985161e+04 1.000396999999999981e+00 7.470000000000000511e-04
5.474819942100020126e+04 9.991569999999999618e-01 7.470000000000000511e-04
5.474819989599986002e+04 9.995640000000000081e-01 7.489999999999999913e-04
5.474820037000020966e+04 1.000075000000000047e+00 7.470000000000000511e-04
5.474820084499986842e+04 1.000097999999999931e+00 7.489999999999999913e-04
5.474820131900021806e+04 1.000567999999999902e+00 7.489999999999999913e-04
5.474820179399987683e+04 9.996909999999999963e-01 7.489999999999999913e-04
5.474820226800022647e+04 9.993509999999999893e-01 7.489999999999999913e-04
5.474820274299988523e+04 1.000359999999999916e+00 7.489999999999999913e-04
5.474820321699976921e+04 1.000021000000000049e+00 7.489999999999999913e-04
5.474820369300013408e+04 9.995600000000000041e-01 7.489999999999999913e-04
5.474820416700001806e+04 1.000232999999999928e+00 7.510000000000000399e-04
5.474820464099990204e+04 1.000110999999999972e+00 7.510000000000000399e-04
5.474820511499978602e+04 9.999390000000000223e-01 7.510000000000000399e-04
5.474820558999991044e+04 1.000148999999999955e+00 7.510000000000000399e-04
5.474820606399979442e+04 1.000205999999999928e+00 7.519999999999999558e-04
5.474820701299980283e+04 9.998320000000000540e-01 7.519999999999999558e-04
5.474820748799992725e+04 9.999029999999999863e-01 7.519999999999999558e-04
5.474820796199981123e+04 1.000245000000000051e+00 7.519999999999999558e-04
5.474820843699993566e+04 1.000428000000000095e+00 7.519999999999999558e-04
5.474820891099981964e+04 1.000771999999999995e+00 7.519999999999999558e-04
5.474820938599994406e+04 9.988399999999999501e-01 7.540000000000000044e-04
5.474820985999982804e+04 1.000531999999999977e+00 7.540000000000000044e-04
5.474821033499995247e+04 9.995340000000000336e-01 7.540000000000000044e-04
5.474821081000007689e+04 1.000706000000000095e+00 7.560000000000000530e-04
5.474821128399996087e+04 9.990959999999999841e-01 7.560000000000000530e-04
5.474821175900008529e+04 1.000199999999999978e+00 7.540000000000000044e-04
5.474821223299996927e+04 9.995889999999999498e-01 7.560000000000000530e-04
5.474821270800009370e+04 9.996310000000000473e-01 7.579999999999999932e-04
5.474821318300021812e+04 1.000391000000000030e+00 7.579999999999999932e-04
5.474821365599986166e+04 1.001168999999999976e+00 7.579999999999999932e-04
5.474821413099998608e+04 1.000275999999999943e+00 7.579999999999999932e-04
5.474821460600011051e+04 1.000604999999999967e+00 7.600000000000000418e-04
5.474821507999999449e+04 9.996019999999999905e-01 7.579999999999999932e-04
5.474821555500011891e+04 1.000140000000000029e+00 7.600000000000000418e-04
5.474821602900000289e+04 9.998850000000000238e-01 7.600000000000000418e-04
5.474821650400012732e+04 1.000046999999999908e+00 7.600000000000000418e-04
5.474821697800001130e+04 9.998810000000000198e-01 7.579999999999999932e-04
5.474821745300013572e+04 9.995910000000000073e-01 7.600000000000000418e-04
5.474821792700001970e+04 1.000145000000000062e+00 7.600000000000000418e-04
5.474821840200014412e+04 9.993429999999999813e-01 7.600000000000000418e-04
5.474821887600002810e+04 9.995979999999999865e-01 7.600000000000000418e-04
5.474821935199992731e+04 1.000215999999999994e+00 7.600000000000000418e-04
5.474821982500003651e+04 1.000207000000000068e+00 7.619999999999999820e-04
5.474822030000016093e+04 1.000362999999999891e+00 7.600000000000000418e-04
5.474822077499981970e+04 1.000663000000000080e+00 7.619999999999999820e-04
5.474822124900016934e+04 9.999540000000000095e-01 7.619999999999999820e-04
5.474822172300005332e+04 1.000451999999999897e+00 7.619999999999999820e-04
5.474822219800017774e+04 1.000267000000000017e+00 7.630000000000000063e-04
5.474822267200006172e+04 1.000243999999999911e+00 7.619999999999999820e-04
5.474822314700018615e+04 9.998329999999999718e-01 7.630000000000000063e-04
5.474822362100007012e+04 1.000056999999999974e+00 7.630000000000000063e-04
5.474822409600019455e+04 1.000089999999999923e+00 7.630000000000000063e-04
5.474822457000007853e+04 9.998200000000000420e-01 7.649999999999999465e-04
5.474822504500020295e+04 9.996540000000000425e-01 7.649999999999999465e-04
5.474822551999986172e+04 1.000555000000000083e+00 7.669999999999999951e-04
5.474822599400021136e+04 9.987970000000000459e-01 7.669999999999999951e-04
5.474822646899987012e+04 9.992229999999999723e-01 7.669999999999999951e-04
5.474822694300021976e+04 1.000536000000000092e+00 7.669999999999999951e-04
5.474822741700010374e+04 1.000893999999999950e+00 7.669999999999999951e-04
5.474822789200022817e+04 1.000277000000000083e+00 7.669999999999999951e-04
5.474822836600011215e+04 9.999639999999999640e-01 7.669999999999999951e-04
5.474822884099977091e+04 1.000086999999999948e+00 7.669999999999999951e-04
5.474822931599989533e+04 9.996460000000000345e-01 7.669999999999999951e-04
5.474822978999977931e+04 1.001079000000000052e+00 7.690000000000000438e-04
5.474823026400012895e+04 9.997420000000000195e-01 7.690000000000000438e-04
5.474823073899978772e+04 9.998740000000000405e-01 7.709999999999999840e-04
5.474823121399991214e+04 1.000154999999999905e+00 7.709999999999999840e-04
5.474823168799979612e+04 1.000321999999999933e+00 7.730000000000000326e-04
5.474823216299992055e+04 9.993819999999999926e-01 7.730000000000000326e-04
5.474823263699980453e+04 1.000771000000000077e+00 7.730000000000000326e-04
5.474823311199992895e+04 9.998559999999999670e-01 7.730000000000000326e-04
5.474823358599981293e+04 1.000084999999999891e+00 7.739999999999999485e-04
5.474823406200017780e+04 1.000477999999999978e+00 7.739999999999999485e-04
5.474823453499982134e+04 9.992079999999999851e-01 7.759999999999999971e-04
5.474823500999994576e+04 9.998609999999999998e-01 7.780000000000000457e-04
5.474823548399982974e+04 9.994859999999999856e-01 7.759999999999999971e-04
5.474823595899995416e+04 1.000143000000000004e+00 7.780000000000000457e-04
5.474823643299983814e+04 1.000234000000000067e+00 7.780000000000000457e-04
5.474823690799996257e+04 1.000002000000000058e+00 7.780000000000000457e-04
5.474823738199984655e+04 1.000469999999999970e+00 7.799999999999999859e-04
5.474823785699997097e+04 1.000237999999999960e+00 7.799999999999999859e-04
5.474823833099985495e+04 1.000850999999999935e+00 7.799999999999999859e-04
5.474823880599997938e+04 9.994739999999999736e-01 7.799999999999999859e-04
5.474823927999986336e+04 9.997369999999999868e-01 7.820000000000000345e-04
5.474823975499998778e+04 1.000464000000000020e+00 7.820000000000000345e-04
5.474824022899987176e+04 9.996909999999999963e-01 7.820000000000000345e-04
5.474824070399999619e+04 9.997289999999999788e-01 7.839999999999999747e-04
5.474824117799988016e+04 1.000463000000000102e+00 7.839999999999999747e-04
5.474824165300000459e+04 9.998780000000000445e-01 7.849999999999999990e-04
