0.000000000000000000e+00 8.041014100960097721e-02
2.688430233370521805e+01 2.466398307559458658e-01
5.379632497308302419e+01 2.713861454675239315e-01
8.076078429856150365e+01 2.659253958261942330e-01
1.077967143619907660e+02 1.266718704206589052e+00
1.349154042517811263e+02 2.077081727784069187e+00
1.621191747450056653e+02 2.342325333970727286e+00
1.894011268151938623e+02 2.377967269025099029e+00
2.167458892488989761e+02 2.387683699423966743e+00
2.441312843551839933e+02 2.402437186246821454e+00
2.715307312625569125e+02 2.402437186246821454e+00
2.989161263688419581e+02 2.387683699423966743e+00
3.262608888025470151e+02 2.377967269025496932e+00
3.535428408727351552e+02 2.342325333971380985e+00
3.807466113659597795e+02 2.077081727783443910e+00
4.078653012557501256e+02 1.266718704206333257e+00
4.349012313191793737e+02 2.659253958260237027e-01
4.618656906446578319e+02 2.713861454675949858e-01
4.887777132840356558e+02 2.466398307559458658e-01
5.156620156177409626e+02 8.041014100960097721e-02
