54835.817914435 1.0027e+00 1.5118e-03
54835.818901894 1.0046e+00 1.5249e-03
54835.819911092 1.0029e+00 1.4443e-03
54835.820920291 1.0016e+00 1.4374e-03
54835.821901858 1.0060e+00 1.4938e-03
54835.822916945 1.0013e+00 1.4149e-03
54835.823905960 1.0029e+00 1.4847e-03
54835.824894974 1.0027e+00 1.4421e-03
54835.825904173 1.0036e+00 1.4772e-03
54835.826913371 1.0038e+00 1.4805e-03
54835.827902385 1.0043e+00 1.5561e-03
54835.828891400 1.0040e+00 1.5524e-03
54835.829900598 1.0047e+00 1.5664e-03
54835.830909797 1.0001e+00 1.5413e-03
54835.831918995 1.0026e+00 1.5150e-03
54835.832908009 1.0013e+00 1.5147e-03
54835.833897023 1.0037e+00 1.4368e-03
54835.834906222 1.0048e+00 1.4966e-03
54835.835915420 1.0048e+00 1.5652e-03
54835.836904434 1.0023e+00 1.5186e-03
54835.837893449 1.0031e+00 1.4689e-03
54835.838902647 1.0027e+00 1.4582e-03
54835.839911845 1.0024e+00 1.4685e-03
54835.840921044 1.0026e+00 1.4087e-03
54835.841910058 1.0015e+00 1.4457e-03
54835.842899072 1.0031e+00 1.4064e-03
54835.843908271 9.9935e-01 1.3788e-03
54835.844917469 1.0007e+00 1.4247e-03
54835.845906483 1.0012e+00 1.4344e-03
54835.846895497 1.0005e+00 1.4142e-03
54835.847904696 9.9888e-01 1.3942e-03
54835.848913894 9.9692e-01 1.4017e-03
54835.849902908 9.9926e-01 1.3859e-03
54835.850891922 9.9597e-01 1.3351e-03
54835.851901121 9.9320e-01 1.3117e-03
54835.852910319 9.9535e-01 1.3083e-03
54835.853919517 9.9298e-01 1.3522e-03
54835.854908532 9.9170e-01 1.3866e-03
54835.855897545 9.9016e-01 1.3346e-03
54835.856906744 9.9140e-01 1.3225e-03
54835.857915942 9.9218e-01 1.3422e-03
54835.858904956 9.9098e-01 1.3728e-03
54835.859893970 9.9037e-01 1.3818e-03
54835.860903169 9.9272e-01 1.3164e-03
54835.861912367 9.8749e-01 1.3177e-03
54835.862921565 9.8874e-01 1.2590e-03
54835.863910579 9.9080e-01 1.3175e-03
54835.864899594 9.8699e-01 1.3246e-03
54835.865908792 9.8795e-01 1.2917e-03
54835.866917990 9.8644e-01 1.2660e-03
54835.867907004 9.8667e-01 1.3058e-03
54835.868896018 9.8816e-01 1.2706e-03
54835.869905216 9.8783e-01 1.2773e-03
54835.870914415 9.8647e-01 1.2600e-03
54835.871903429 9.8346e-01 1.2758e-03
54835.872892443 9.8923e-01 1.2485e-03
54835.873901641 9.8474e-01 1.2435e-03
54835.874910839 9.8512e-01 1.2450e-03
54835.875920037 9.8507e-01 1.2055e-03
54835.876909052 9.8594e-01 1.2807e-03
54835.877898065 9.8564e-01 1.2459e-03
54835.878907264 9.8560e-01 1.2252e-03
54835.879916462 9.8466e-01 1.2257e-03
54835.880905476 9.8415e-01 1.2527e-03
54835.881894490 9.8400e-01 1.2663e-03
54835.882903688 9.8195e-01 1.2685e-03
54835.883912886 9.8506e-01 1.2247e-03
54835.884922084 9.8414e-01 1.2204e-03
54835.885911098 9.8353e-01 1.2282e-03
54835.886900112 9.8336e-01 1.1891e-03
54835.887935939 9.8335e-01 1.2334e-03
54835.888899209 9.8336e-01 1.2068e-03
54835.889908407 9.8293e-01 1.2073e-03
54835.890917605 9.8304e-01 1.2167e-03
54835.891906619 9.8541e-01 1.2374e-03
54835.892895633 9.8257e-01 1.2268e-03
54835.893904832 9.8232e-01 1.1996e-03
54835.894914029 9.8301e-01 1.2321e-03
54835.895903043 9.8120e-01 1.2531e-03
54835.896892057 9.8273e-01 1.2009e-03
54835.897901255 9.8105e-01 1.1922e-03
54835.898910453 9.8237e-01 1.1675e-03
54835.899919651 9.8372e-01 1.1853e-03
54835.900908665 9.8151e-01 1.2283e-03
54835.901897679 9.8104e-01 1.1953e-03
54835.902906877 9.8464e-01 1.2176e-03
54835.903916075 9.8374e-01 1.1717e-03
54835.904905089 9.8236e-01 1.1923e-03
54835.905894103 9.8200e-01 1.1721e-03
54835.906903301 9.8269e-01 1.1699e-03
54835.907912499 9.8243e-01 1.1690e-03
54835.908921697 9.8303e-01 1.1640e-03
54835.909910710 9.8168e-01 1.2055e-03
54835.910899725 9.8312e-01 1.1540e-03
54835.911908923 9.8361e-01 1.1533e-03
54835.912918121 9.8319e-01 1.1797e-03
54835.913907135 9.8243e-01 1.2056e-03
54835.914896148 9.8198e-01 1.1394e-03
54835.915905346 9.8180e-01 1.1778e-03
54835.916914544 9.8304e-01 1.1444e-03
54835.917903558 9.8266e-01 1.1844e-03
54835.918892572 9.8230e-01 1.1520e-03
54835.919901770 9.8262e-01 1.1364e-03
54835.920910967 9.8454e-01 1.1677e-03
54835.921920166 9.8269e-01 1.1438e-03
54835.922909179 9.8059e-01 1.1486e-03
54835.923898193 9.8362e-01 1.1452e-03
54835.924907391 9.8234e-01 1.1444e-03
54835.925916589 9.8344e-01 1.1533e-03
54835.926905602 9.8330e-01 1.1512e-03
54835.927894616 9.8295e-01 1.1118e-03
54835.928903814 9.8343e-01 1.1325e-03
54835.929913012 9.8382e-01 1.1208e-03
54835.930902026 9.8351e-01 1.1425e-03
54835.931891039 9.8480e-01 1.1148e-03
54835.932900237 9.8412e-01 1.1179e-03
54835.933909435 9.8248e-01 1.1121e-03
54835.934918633 9.8431e-01 1.1187e-03
54835.935907646 9.8473e-01 1.1363e-03
54835.936896660 9.8569e-01 1.1019e-03
54835.937905858 9.8520e-01 1.1038e-03
54835.938915055 9.8517e-01 1.1076e-03
54835.939904069 9.8429e-01 1.1280e-03
54835.940893083 9.8523e-01 1.1302e-03
54835.941902281 9.8570e-01 1.1246e-03
54835.942911478 9.8528e-01 1.1050e-03
54835.943920676 9.8606e-01 1.0996e-03
54835.944909689 9.8655e-01 1.1203e-03
54835.945898703 9.8621e-01 1.1106e-03
54835.946907901 9.8525e-01 1.1041e-03
54835.947917099 9.8784e-01 1.0936e-03
54835.948906112 9.8837e-01 1.1463e-03
54835.949895126 9.8647e-01 1.0958e-03
54835.950904323 9.8879e-01 1.1150e-03
54835.951913521 9.8896e-01 1.1089e-03
54835.952902535 9.9146e-01 1.1481e-03
54835.953891548 9.9192e-01 1.1180e-03
54835.954900746 9.9356e-01 1.1013e-03
54835.955909943 9.9284e-01 1.1232e-03
54835.956919141 9.9527e-01 1.1297e-03
54835.957908154 9.9524e-01 1.1570e-03
54835.958897168 9.9683e-01 1.1478e-03
54835.959906365 9.9604e-01 1.1202e-03
54835.960915563 9.9667e-01 1.0959e-03
54835.961904577 9.9856e-01 1.1433e-03
54835.962893590 9.9675e-01 1.1015e-03
54835.963902788 9.9860e-01 1.1327e-03
54835.964911985 1.0000e+00 1.1146e-03
54835.965921182 9.9933e-01 1.1306e-03
54835.966910196 9.9907e-01 1.1493e-03
54835.967899209 1.0005e+00 1.1405e-03
54835.968908407 9.9877e-01 1.1134e-03
54835.969917604 1.0010e+00 1.1027e-03
54835.970906618 9.9912e-01 1.1440e-03
54835.971895631 1.0015e+00 1.1234e-03
54835.972904829 1.0013e+00 1.1230e-03
54835.973914026 1.0017e+00 1.2041e-03
54835.974903040 9.9922e-01 1.1666e-03
54835.975892053 9.9915e-01 1.1149e-03
54835.976901250 9.9737e-01 1.0971e-03
54835.977910447 9.9727e-01 1.1079e-03
54835.978919645 1.0013e+00 1.1243e-03
54835.979908658 1.0002e+00 1.1506e-03
54835.980900959 9.9922e-01 1.1429e-03
54835.981941799 1.0012e+00 1.1387e-03
54835.982892419 9.9955e-01 1.0991e-03
54835.983901617 9.9737e-01 1.1152e-03
54835.984910814 9.9996e-01 1.1305e-03
54835.985920011 1.0007e+00 1.1469e-03
54835.986909024 9.9954e-01 1.1530e-03
54835.987898038 9.9871e-01 1.1265e-03
54835.988907235 1.0024e+00 1.1100e-03
54835.989916432 9.9919e-01 1.1473e-03
54835.990905446 9.9862e-01 1.1359e-03
54835.991894459 1.0003e+00 1.1319e-03
54835.992903656 9.9886e-01 1.1248e-03
54835.993912854 1.0000e+00 1.1164e-03
54835.994922051 1.0003e+00 1.1050e-03
54835.995911064 1.0002e+00 1.1570e-03
54835.996900076 1.0002e+00 1.1284e-03
54835.997909274 9.9899e-01 1.1271e-03
54835.998918471 9.9977e-01 1.1360e-03
54835.999907485 9.9992e-01 1.1671e-03
54836.000896498 9.9878e-01 1.1402e-03
54836.001905695 9.9977e-01 1.1422e-03
54836.002914892 9.9707e-01 1.1468e-03
54836.003903905 1.0012e+00 1.1556e-03
54836.004892919 9.9874e-01 1.1032e-03
54836.005902116 9.9998e-01 1.1205e-03
54836.006911313 1.0004e+00 1.1439e-03
54836.007920509 9.9946e-01 1.1555e-03
54836.008909523 9.9679e-01 1.1367e-03
54836.009898536 9.9910e-01 1.1219e-03
54836.010907733 1.0006e+00 1.1148e-03
54836.011916930 9.9995e-01 1.1201e-03
54836.012905943 1.0016e+00 1.1222e-03
54836.013894956 1.0003e+00 1.1504e-03
54836.014904153 1.0003e+00 1.1633e-03
54836.015913350 9.9861e-01 1.1405e-03
54836.016902364 1.0001e+00 1.1426e-03
54836.017891377 1.0012e+00 1.0976e-03
54836.018900573 1.0002e+00 1.1057e-03
54836.019909771 9.9984e-01 1.1286e-03
54836.020918968 9.9971e-01 1.1343e-03
54836.021907981 9.9809e-01 1.1309e-03
54836.022896994 1.0009e+00 1.0974e-03
54836.023906191 1.0006e+00 1.1141e-03
54836.024915387 9.9941e-01 1.1006e-03
54836.025904400 1.0011e+00 1.1237e-03
54836.026893413 1.0016e+00 1.1138e-03
54836.027902610 9.9874e-01 1.1014e-03
54836.028911807 9.9912e-01 1.0904e-03
54836.029921004 9.9794e-01 1.0506e-03
54836.030910017 9.9757e-01 1.0960e-03
54836.031899030 9.9694e-01 1.0801e-03
54836.032908227 9.9680e-01 1.0494e-03
54836.033917424 9.9719e-01 1.0541e-03
54836.034906437 9.9678e-01 1.0810e-03
54836.035895450 9.9877e-01 1.0904e-03
54836.036904646 9.9614e-01 1.0979e-03
54836.037913843 9.9593e-01 1.0554e-03
54836.038902856 9.9717e-01 1.0956e-03
54836.039891869 9.9698e-01 1.0766e-03
54836.040901066 9.9568e-01 1.0796e-03
54836.041910262 9.9991e-01 1.0961e-03
54836.042919459 9.9749e-01 1.0986e-03
54836.043908472 9.9915e-01 1.1006e-03
54836.044897485 9.9944e-01 1.0778e-03
54836.045906681 9.9815e-01 1.1114e-03
54836.046915878 1.0011e+00 1.1398e-03
54836.047904891 9.9987e-01 1.1344e-03
54836.048879730 9.9644e-01 1.0898e-03
54836.049913957 9.9873e-01 1.0898e-03
54836.050902970 9.9967e-01 1.1274e-03
54836.051891983 9.9956e-01 1.1167e-03
54836.052901179 1.0015e+00 1.1204e-03
54836.053910376 9.9980e-01 1.1494e-03
54836.054919572 1.0006e+00 1.1140e-03
54836.055908585 1.0013e+00 1.1662e-03
54836.056897598 1.0019e+00 1.2163e-03
54836.057906795 1.0022e+00 1.1883e-03
54836.058915991 1.0010e+00 1.1064e-03
54836.059905004 1.0003e+00 1.1258e-03
54836.060894017 9.9866e-01 1.0874e-03
54836.061903213 9.9980e-01 1.0953e-03
54836.062912410 9.9978e-01 1.0895e-03
54836.063921606 1.0008e+00 1.1406e-03
54836.064910619 1.0009e+00 1.1239e-03
54836.065899631 9.9939e-01 1.0813e-03
54836.066908828 9.9816e-01 1.0874e-03
54836.067918024 9.9792e-01 1.1075e-03
54836.068907037 9.9948e-01 1.1286e-03
54836.069896050 1.0023e+00 1.0956e-03
54836.070905246 1.0030e+00 1.0817e-03
54836.071914443 9.9955e-01 1.0729e-03
54836.072903455 9.9968e-01 1.1046e-03
54836.073892468 9.9783e-01 1.0780e-03
54836.074901664 1.0014e+00 1.0709e-03
54836.075910860 9.9989e-01 1.0513e-03
54836.076920057 9.9941e-01 1.0818e-03
54836.077909069 9.9985e-01 1.0914e-03
54836.078898082 9.9832e-01 1.0909e-03
54836.079907278 1.0020e+00 1.1002e-03
54836.080916475 9.9998e-01 1.1003e-03
54836.081905487 9.9882e-01 1.0760e-03
54836.082894500 1.0010e+00 1.0930e-03
54836.083903696 1.0015e+00 1.1420e-03
54836.084912893 9.9991e-01 1.1064e-03
54836.085922089 9.9969e-01 1.0789e-03
54836.086911101 1.0024e+00 1.1427e-03
54836.087900114 9.9884e-01 1.0884e-03
54836.088909310 1.0015e+00 1.0843e-03
54836.089918506 1.0005e+00 1.0841e-03
54836.090907519 1.0003e+00 1.1266e-03
54836.091896531 1.0003e+00 1.1139e-03
54836.092905727 9.9860e-01 1.0924e-03
54836.093914924 9.9993e-01 1.0844e-03
54836.094903935 1.0001e+00 1.1039e-03
54836.095892948 9.9788e-01 1.0946e-03
54836.096902145 1.0006e+00 1.1047e-03
54836.097911341 1.0003e+00 1.1383e-03
54836.098920537 9.9962e-01 1.1060e-03
54836.099909549 9.9962e-01 1.1019e-03
54836.100898562 9.9895e-01 1.0952e-03
54836.101907758 9.9817e-01 1.0829e-03
54836.102916954 1.0008e+00 1.0886e-03
54836.103905967 1.0015e+00 1.1207e-03
54836.104894979 9.9798e-01 1.0941e-03
54836.105904175 1.0001e+00 1.0903e-03
54836.106913371 9.9858e-01 1.0929e-03
54836.107902383 9.9909e-01 1.1129e-03
54836.108891395 1.0005e+00 1.0888e-03
54836.109900592 1.0010e+00 1.0899e-03
54836.110909788 1.0000e+00 1.1055e-03
54836.111918984 9.9979e-01 1.1079e-03
54836.112907996 1.0013e+00 1.1292e-03
54836.113897008 1.0008e+00 1.1045e-03
54836.114906204 1.0010e+00 1.1076e-03
54836.115915401 1.0003e+00 1.0945e-03
54836.116624656 9.9772e-01 1.7581e-03
