-2.000000000000000000e+00 6.993690000000000184e-01 5.999999999999999778e-02
-1.639999999999999902e+00 7.004620000000000291e-01 5.999999999999999778e-02
-1.330000000000000071e+00 6.953540000000000276e-01 5.999999999999999778e-02
-6.999999999999999556e-01 1.039050000000000029e+00 5.999999999999999778e-02
0.000000000000000000e+00 1.973889999999999922e+00 5.999999999999999778e-02
4.500000000000000111e-01 2.411430000000000184e+00 5.999999999999999778e-02
1.199999999999999956e+00 1.910910000000000108e+00 5.999999999999999778e-02
1.639999999999999902e+00 9.195759999999999490e-01 5.999999999999999778e-02
2.319999999999999840e+00 -7.309750000000000414e-01 5.999999999999999778e-02
2.899999999999999911e+00 -1.420009999999999994e+00 5.999999999999999778e-02
