3.838383838383838231e+00 1.007196603816534441e+01 3.000000000000000000e+00
9.191919191919192045e+00 2.859606482981505238e+01 3.000000000000000000e+00
1.818181818181818121e+00 8.840900093613491606e+00 3.000000000000000000e+00
6.363636363636363313e+00 1.890166341176689713e+01 3.000000000000000000e+00
5.757575757575757791e+00 1.155264293642064999e+01 3.000000000000000000e+00
5.555555555555555358e+00 1.866040410007058625e+01 3.000000000000000000e+00
1.919191919191919116e+00 6.077278485810998276e+00 3.000000000000000000e+00
7.474747474747474918e+00 2.576745378916310258e+01 3.000000000000000000e+00
7.979797979797979224e+00 2.059097395075053782e+01 3.000000000000000000e+00
5.151515151515151381e+00 1.423732181751010373e+01 3.000000000000000000e+00
8.080808080808080662e-01 2.307696866853492068e+00 3.000000000000000000e+00
1.717171717171717127e+00 5.208222380185737244e+00 3.000000000000000000e+00
9.393939393939394478e+00 3.093995641894919402e+01 3.000000000000000000e+00
2.222222222222222321e+00 1.207463212362555183e+01 3.000000000000000000e+00
6.969696969696969724e+00 1.753864780834556925e+01 3.000000000000000000e+00
2.020202020202020166e-01 -1.472207808420151753e+00 3.000000000000000000e+00
9.494949494949494806e+00 2.549535321257695131e+01 3.000000000000000000e+00
8.787878787878787179e+00 2.493487750264384317e+01 3.000000000000000000e+00
2.727272727272727071e+00 6.487372509690860767e+00 3.000000000000000000e+00
7.676767676767676463e+00 2.517497013613690271e+01 3.000000000000000000e+00
